SGD
200 150 100 100 - 0.89818
200 100 50      - 0.90117
200 100         - 0.89938
100 50 25 25    - 0.8924764507254214
100 50 25       - 0.8978444382804218
100 50          - 0.8964986791581637
RMSPROP
200 150 100 100 - 0.9067933096814511
200 100 50      - 0.9108473056775764
200 100         - 0.912437141257292
100 50 25 25    - 0.9060426959637903
100 50 25       - 0.9053689824446229
100 50          - 0.9059189884797697
ADAGRAD
200 150 100 100 - 0.8952014015605182
200 100 50      - 0.894510968637168
200 100         - 0.8949071723525969
100 50 25 25    - 0.8841845734967713
100 50 25       - 0.887755429356348
100 50          - 0.8862174196469805
ADADELTA
200 150 100 100 - 0.9152038846289895
200 100 50      - 0.9150768340332247
200 100         - 0.9170010180462614
100 50 25 25    - 0.9101953234609029
100 50 25       - 0.9108874266152588
100 50          - 0.9108172143716678
ADAM
200 150 100 100 - 0.91547
200 100 50      - 0.91497
200 100         - 0.91637
100 50  25  25  - 0.91246
100 50  25      - 0.91308
100 50          - 0.91250
ADAMAX
200 150 100 100 - 0.9154262282247242
200 100 50      - 0.9155449240017504
200 100         - 0.9164108898681386
100 50 25 25    - 0.9120476215652126
100 50 25       - 0.9127681455840232
100 50          - 0.9123217887163659
NADAM
200 150 100 100 - 0.9156184765925627
200 100 50      - 0.9147742463619861
200 100         - 0.9153593603460005
100 50 25 25    - 0.9110345390860408
100 50 25       - 0.9119339424789746
100 50          - 0.912915261096737
FINAL
0.9179641008640167
